-888209286
198181165
-117571063
-2118254056
514720473
-1192885497
662242066
1723269933
-413662282
1136264320
-339999587
-2127493953
765789382
1504445802
-673905030
431294100
-130742522
451676082
697763873
1688799287
344852790
933825031
-1743320328
2064583457
-2014639169
-106492795
-1361638263
-1855386239
745999782
-881914431
1407651571
636817215
924979264
-1856022521
2121160730
56562009
-914991069
1704857987
1939626064
-2102306724
366350841
-703178613
-1144825660
338236052
-1992158531
1716523710
-503359065
1025643444
632624195
686250802
-746515094
821255111
1822430824
-1582474138
402396864
1000740726
991780070
2144624015
-560523291
935288403
-1212213169
960501997
219224509
2128353737
-1406264844
-429891372
-1782768874
900030866
-58450867
614276301
1926914760
348724578
251142117
667903561
-1679548310
1884055278
597124880
2072256768
1582196539
-1719179243
-2122308920
-365991522
-1716622857
-244880819
1924146075
1653285815
815688358
803170994
1308173333
-1274403808
2131895379
-1974768686
-450550476
-2065732462
77473184
733899991
-1882904996
1728652937
-643666578
-1388221055
573122271
-292477174
910061115
416837213
-1548063130
-1915869313
1753229314
-911970381
-1629935116
-1338019725
-250777393
1761702199
-1067814600
55472502
-139562596
-1023923222
-514100745
1493773465
620130895
1083649443
2013098681
1936552741
1661677234
239480532
-1515424879
-1820757085
-1965215729
1378579418
1096233037
-1203538885
-1842466470
1343911070
1163490655
-1864993435
57946762
829978520
-948292568
-235064089
-202999668
1736079539
-874481425
828978508
-1559874083
210470
262354515
2088711774
-1133938228
-1392281122
-1346667899
1378825977
-895976821
-2124138742
784366378
358972271
-1494713411
-1063438490
1280015305
838368210
1600206992
-1640482518
-646349605
-682459935
1276262777
2007858431
-890471139
-741376672
1389395307
902904590
-79611032
-1763296393
321665990
1598717568
-948863305
969375416
-1755694069
665288451
-1509082012
334642283
907164860
-826786590
-1812972166
309362800
1850441894
-950518260
-1991229776
-759087433
-1067106579
178225731
-478396623
56049482
-1679785240
-1147191436
-1100464221
-2126626806
-220887892
-1916256107
-1351580266
81888713
1185694153
182403559
-1968422421
612319955
-514685097
-683309186
1144293329
-527595505
946767917
2085766220
-1124645803
-1210432418
1936344180
1314931922
1947371829
-986692305
966083888
-1199207940
1400277524
-580613535
868387448
-1218802961
1546160943
1491093272
580160506
-1572696947
-1095284737
-1712484990
1329219727
-915894843
-732214986
-91451769
1681410652
-429372830
1238601516
-1807398295
113134257
-1760277810
-2032431194
1751486572
548966542
-2120528767
-885699430
1075662022
27300215
1462259032
1588481526
1248170710
-612610448
834835214
-1776595174
2026476464
-2071441247
844010592
141775141
-750611171
-325758519
2040173960
1955090947
1511101848
2013697540
1772638973
1095865904
355440213
-1850501474
-1576512627
-251374520
-1510452092
104224016
-743287512
1416123699
-1982638766
758863294
446453312
934106816
1967430300
8345432
1237097606
-557933420
-1934189109
-1354784972
-1284071447
-343432994
1374658841
1539416513
154706618
831431517
-1911970959
2114888655
470787050
1035183129
-352213790
-1653889755
504866176
-226187750
829204234
-426858592
-752572494
136816739
1207609590
-646796985
-1007572634
-1841976861
-649549290
2108271173
-2105496725
-9720388
-1812878201
-259674366
1050324275
-414011277
1578414219
-1523339077
1161081043
-748506838
-1577668019
-1669745744
-74402832
-1715817194
-1602570831
-502090069
431798349
1581496399
1308277597
-756302728
-1466712470
1533067119
1139392902
1896858104
180994592
-1639791914
158253791
513131292
-1515928707
-2078096439
-1852652593
-237255587
-966736642
1023788437
1361823193
404145821
-1763457371
1817495522
648923369
1167706357
-737425100
1223608696
345491926
1313262093
1817037486
763939566
874892017
-959722752
-1887712500
-1053045898
-1516516418
-1246704569
-65352590
-649999207
418565276
617598110
-728707862
-879243806
-29962731
1981009430
-1021194695
1044565673
-1680355490
1093914645
-855125670
958910942
892457475
55890943
-1896295256
831313324
-1293035921
830003240
-443754441
1723455773
1199823151
204986774
-756360759
-883762685
-1270359452
2089605812
792451792
-2061378836
721541922
-1256137731
860347517
1534254267
40754527
-238625203
-10363246
1091231925
-1471487774
1257496824
-491593410
657711564
-844701160
1796203093
1670636401
399565845
-93395631
1538254242
1689183691
1433921398
-1831802998
-851974236
-2061047741
1224796284
-178329434
-1209669293
-346428912
-1083643277
1033104052
-2067402784
-1114509240
-1766133599
1612771592
1011937658
-1334644133
559608494
975893192
1348203239
826536755
760869714
-1665010680
-379849675
-714279777
-1381763893
1520432556
-1418922545
1172960771
-2052458973
-1351027059
505018388
1425734039
390920678
998177393
-1590232453
1543175030
-915145807
899218383
-89195359
647429443
-1419903558
-1104282069
-1584595113
529399706
1112914174
1595547018
1572800727
1629786723